-20.000000 0.000000
-14.435910 -11.627231
-20.000000 0.000000
-19.081414 -0.000416
-16.986229 -3.909451
-17.939587 -3.875732
-16.865688 -4.150412
-18.488111 -1.762877
-16.525884 -5.700635
-16.608948 -5.113558
-18.835965 -0.492410
-15.326034 -8.757414
-16.723866 -4.747258
-15.234209 -9.223425
-18.306158 -2.641447
-16.019019 -7.612844
-14.748290 -10.962703
-18.929487 -0.267882
-15.880802 -7.751508
-16.452198 -5.956172
-18.606939 -1.222847
-14.656805 -11.300875
-16.137546 -7.236739
-16.386619 -6.355087
-18.376320 -2.295192
-18.222144 -3.047882
-18.089581 -3.595621
-14.568497 -11.476994
-15.627959 -7.772407
-18.429098 -2.039158
-18.701555 -0.901215
-15.411028 -8.499811
-16.201706 -7.113300
-15.580525 -7.905534
-14.863012 -10.713166
-15.474545 -8.120382
-15.165764 -9.511268
-14.891163 -10.608745
-16.334465 -6.573816
-16.694280 -4.883736
-17.977345 -3.820689
-18.146017 -3.384359
-15.058204 -9.965364
-15.133606 -9.647678
-14.973305 -10.317473
-16.260126 -6.823790
-14.985143 -10.261208
-15.461758 -8.296445
-18.166287 -3.167179
-16.954628 -3.989857
